            52561920            52561920            54149160            55208056            55209080            62650848            66785368            67311704            68887680            57840728            56852800            67311704            67311704            67311704            63177200            65734744            67311704            68887680            59941976
            52568064            54150160            57835640            57835640            55730240            72555688            63069304            14776920            56772760            53075992            63069304            27862320            20523456            65703040            72035536            63069304            20023976            65178752            57804896
            55197696            55728136            57840760            56254488            55197696            73609368            73608416            62643048            73609440            55182376            73075912            59938032            51016056            73075912            73088192            73608416            50016104            73610472            65705120
            57300992            57300992            59414600            59414600            57300992            72556704            70984008            61061080            70984008            54132800            69405000            65786736            66844544            69405000            71510200            69954048            75271312            61014496            62555400
            57834496            57834496            57834496            60467240            59416616            74663088            80991720            68413216            23756504            56765536            80991720            73644648            45778472            48418264            73615560            80991720            60001120            23220872            72037768
            60462080            60462080            60462080            60462080            60467208            63105160            59419720            59419720            59419720            60472392            59419720            59419720            50454528            59419720            57833576            59419720            59419720            59419720            59420744
            53106064            60992512            60992512            65754448            70494656            58949040            52151688            52678024            54254000            48436504            51093904            52678024            52678024            52678024            58436960            51623296            52678024            54254000            50010408
            66259016            53687928            38510792            38501288            76264808            72027232            68331592            14228024            70441032            54128656            68331592            32064752            24201640            70440016            71505016            68331592            16337504            70441032            62014520
            76803432            53168752            29098200            27420576            43737096            72030344            67818720            46344152            68344032            53604392            66234576            54153488            42074512            66234576            71508136            67818720            54765560            75723440            63585544
            78913128            64208496            29996128            34326688            73700200            74665144            65233488            79483056            71040800            55711816            77300072            68421528            62100304            68912800            74143960            67320248            80532664            72048016            68871456
            66322160            75238072            60036936            74731304            74220520            74666208            58356104            52582872            48880912            55184464            65734120            29504368            27406232            65734120            74671368            73085336            56315736            29002416            65712456
